BatteryLevel,State,DistanceL,DistanceR,SpeedL,SpeedR
0,0,0,0,0,0
3.12,0,-29.45,27.98,-72.72,65.01
3.12,0,-153.15,138.43,-118.76,108.94
3.12,0,-229.73,204.69,7.04,-2.93
3.13,0,-111.92,131.06,110.01,-73.5
3.11,0,13.25,91.3,138.06,17.51
3.11,0,164.93,172.3,146.78,80.33
3.12,0,313.67,216.48,139.82,-12.33
3.12,0,428.53,136.95,111.66,-78.89
3.12,0,502.16,54.49,0.11,-88.99
3.12,0,406.44,-42.71,-81.33,-96.32
3.12,0,347.54,-92.78,8.05,22.23
3.12,0,438.84,17.67,81.67,107.19
3.12,0,534.56,79.52,91.11,-13.73
3.12,0,642.06,-14.73,102.28,-94.05
3.12,0,698.02,-110.45,-17.2,-95.6
3.11,0,596.41,-204.69,-91.89,-92.92
3.12,0,538.98,-296,25.66,-85.93
3.12,0,658.26,-375.52,125.02,-78.33
3.12,0,730.42,-455.04,-4.47,-82.84
3.11,0,640.59,-541.92,-94.57,-87.48
3.11,0,597.88,-587.58,23.96,18.35
3.11,0,699.5,-497.75,100.57,89.91
3.12,0,758.4,-449.15,-18.77,-16.22
3.11,0,646.48,-540.45,-111.77,-90.02
3.11,0,597.88,-587.58,46.28,19.35
3.12,0,749.56,-491.86,154.37,95.88
3.11,0,892.41,-437.37,124.96,-9.41
3.11,0,1011.69,-522.78,114.18,-84.76
3.12,0,1082.38,-569.9,-3.68,8.95
3.12,0,989.6,-493.33,-97.9,75.93
3.12,0,892.41,-462.4,-115.72,-34.88
3.11,0,773.13,-572.85,-112.25,-110.06
3.12,1,709.8,-687.71,26.54,-111.34
3.12,0,720.11,-693.6,1.07,-1.38
3.12,0,723.06,-692.13,2.39,0.98
3.12,0,879.16,-606.72,157.55,83.38
3.11,0,1032.31,-521.31,155.77,85.86
3.12,0,1178.1,-424.12,143.36,95.35
3.11,0,1326.83,-335.76,150.14,90.37
3.12,0,1425.5,-449.15,105.25,-112.65
3.11,0,1525.64,-564.01,107.14,-114.52
3.12,0,1630.19,-659.73,110.69,-98.04
3.11,0,1734.75,-758.4,106.7,-97.73
3.12,0,1803.96,-824.67,27.8,-25.74
3.12,1,1803.96,-824.67,0.21,-0.2
3.12,1,1773.04,-807,-88.09,49.98
3.12,3,1784.82,-801.11,0.79,1.18
3.12,0,1784.82,-801.11,0.01,0.01
3.12,0,1784.82,-801.11,0,0
3.11,0,1708.24,-860.01,-107.06,-89.08
3.12,0,1636.08,-913.03,-17.13,-13.66
3.12,0,1596.32,-870.32,-79.11,83.96
3.12,0,1506.49,-771.65,-91.68,99.32
3.12,0,1400.46,-758.4,-120.81,-70.55
3.11,0,1272.35,-860.01,-131.61,-102.88
3.12,0,1262.04,-882.1,99.2,51.73
3.11,0,1400.46,-805.52,137.97,77.14
3.12,1,1484.4,-751.04,30.08,20.2
3.12,0,1497.66,-743.67,3.15,1.74
3.12,1,1497.66,-743.67,0.02,0.01
3.12,0,1497.66,-743.67,0,0
3.12,0,1421.08,-668.57,-60.07,59.2
3.12,0,1421.08,-668.57,-0.4,0.4
3.11,0,1494.71,-621.45,116.94,68.76
3.11,1,1615.47,-553.71,125.83,67.7
3.11,0,1690.57,-612.61,135.46,-104.27
3.11,0,1831.94,-730.42,132.57,-117.34
3.11,0,1961.53,-846.76,116.58,-116.06
3.11,0,2073.45,-963.09,116.35,-116.03
3.11,0,2192.73,-977.82,131.65,55.47
3.11,0,2322.32,-905.66,124.96,73.19
3.1,0,2301.71,-824.67,-134.27,88.21
3.11,0,2151.5,-736.31,-148.9,86.35
3.11,0,2010.13,-637.65,-135.51,106.34
3.11,0,1886.43,-531.62,-120.54,105.41
3.11,0,1755.36,-541.92,-132.43,-91.76
3.12,0,1724.44,-569.9,-3.89,-3.61
3.11,0,1675.84,-533.09,-111,83.17
3.11,0,1566.87,-449.15,-62.11,44.51
3.11,0,1590.43,-469.77,58.48,-51.27
3.12,0,1684.68,-559.6,99.38,-88.85
3.12,0,1730.33,-602.3,-30.2,27.78
3.12,0,1616.94,-493.33,-108.53,108.85
3.12,0,1549.2,-382.88,15.48,105.93
3.1,0,1672.9,-276.85,118.83,107.6
3.12,0,1737.69,-219.42,-22.3,-16.29
3.11,0,1615.47,-322.5,-117.13,-102.74
3.12,0,1491.77,-382.88,-120.65,4.86
3.11,0,1376.9,-306.31,-119.63,76.94
3.11,0,1326.83,-220.89,37.51,96.76
3.12,0,1466.73,-107.5,138.89,113.08
3.11,1,1559.51,-36.82,-0.4,-0.09
3.12,0,1665.53,26.51,128.21,80
3.11,0,1799.54,106.03,138.82,80.1
3.11,0,1684.68,7.36,-112.19,-96.76
3.11,1,1569.81,-86.88,-118.71,-93.71
3.11,0,1653.75,-14.73,81.44,76.14
3.1,0,1745.06,64.8,81.58,79.01
3.11,0,1901.15,148.73,162.82,83.18
3.11,0,2054.31,234.15,156.03,84.68
3.11,0,1954.17,312.2,-118.12,78.46
3.11,0,1833.41,388.77,-126.07,77.17
3.11,0,1730.33,475.66,-108.48,88.17
3.11,0,1630.19,562.54,-105.8,87.61
3.11,0,1503.55,650.9,-126.05,88.91
3.11,0,1371.01,740.73,-137.53,88.51
3.11,0,1466.73,837.92,103.25,97.74
3.11,0,1581.6,936.59,111.87,98.55
3.1,0,1477.04,1035.25,-121.12,100.13
3.11,0,1354.81,1135.39,-127.97,99.18
3.11,0,1222.28,1066.18,-130.42,-77.49
3.11,0,1080.9,983.71,-145.12,-81.12
3.11,0,930.7,1079.43,-151.37,104.89
3.11,0,779.02,1185.46,-153.98,107.4
